Polecenia do uruchomienia:
reset;
model transport.mod;
data transport.dat;
option solver cplex;
solve;
display koszt_transportu, roczny_transport_prod_mag, tygodniowy_transport_mag_sklep, tygodniowy_magazyn_sklepow > wyniki.txt;

koszt_transportu = 147993

roczny_transport_prod_mag [*,M1,*]
:    Buraki   Kapusta Marchew Ziemniaki    :=
P1    24.084   35.312    60       120
P2   160       90        50        50
P3     0        0         0         0
P4     0        0         0         0
P5     0        0         0         0
P6     0        0         0         0

 [*,M2,*]
:  Buraki Kapusta   Marchew Ziemniaki    :=
P1    0       0       0        0
P2    0       0       0        0
P3    0       0      90        0
P4    0       0     110       88.649
P5    0       0       0        0
P6    0       0      18.497    0

 [*,M3,*]
:  Buraki   Kapusta   Marchew Ziemniaki    :=
P1     0      0         0           0
P2     0      0         0           0
P3     0      0         0           0
P4     0      0         0           0
P5   180    186.419   100         220
P6     0      0        63.581       0
;

tygodniowy_transport_mag_sklep [M1,Buraki,*,*] (tr)
:   S1    S10     S2    S3  S4  S5    S6      S7      S8      S9      :=
1    0   1.21    1.419   0   0   0   1.309   0.847   1.584   1.21
2    0   1.177   0.651   0   0   0   0.937   5.325   0.934   0.781
3    0   1.082   0       0   0   0   0.938   0       1.178   1.107
4    0   3.92    0       0   0   0   2.933   0.86    1.578   2.571
5    0   0       0       0   0   0   0       0       3.172   0
6    0   0       0       0   0   0   0.887   0       0       4
7    0   0.982   0       0   0   0   6.688   0.868   0       0
8    0   1.901   0       0   0   0   0       2.522   1.879   0
9    0   1.489   0       0   0   0   0       0       0.364   1.159
10   0   0       0       0   0   0   0       1.211   1.519   0.817
11   0   5.795   0       0   0   0   0       0.768   0.82    0.927
12   0   1.564   0       0   0   0   0       7.747   0.825   4.479
13   0   0       0       0   0   0   0       1.151   2.127   0
14   0   0       0       0   0   0   0       0       0       0
15   0   0       0       0   0   0   0.365   0       0       0
16   0   0       0       0   0   0   1.12    0       0       0
17   0   0       0       0   0   0   0       0       0       0
18   0   0       0       0   0   0   0       0       2.473   0
19   0   0       0       0   0   0   0.127   0       0       0
20   0   0       0       0   0   0   0.638   0       0       0.571
21   0   0       0       0   0   0   0       0       0       0
22   0   0       0       0   0   0   2.483   0       0       0.491
23   0   0       0       0   0   0   0       0       0       3.45
24   0   0       0       0   0   0   0       0       1.115   1.759
25   0   0       0       0   0   0   5.918   0       0       1.125
26   0   1.316   0       0   0   0   0       0       4.063   0
27   0   0.941   0       0   0   0   0       0       0       0
28   0   1.08    0       0   0   0   0       1.993   0       0
29   0   1.213   0       0   0   0   0       0       0       0
30   0   1.533   0       0   0   0   0       1.131   0.932   0
31   0   2.647   0       0   0   0   0       0.987   1.178   2.258
32   0   0       0       0   0   0   1.15    1.022   3.35    0
33   0   0       0       0   0   0   1.119   0.976   0       3.881
34   0   0.858   0       0   0   0   0.977   1.211   0       0
35   0   1.089   0       0   0   0   2.333   1.72    0       0
36   0   0.894   0       0   0   0   0.241   1.001   0.778   0
37   0   0.745   0       0   0   0   0.028   0.842   0.801   0.916
38   0   0.529   0       0   0   0   0.591   0.104   0.58    0.524
39   0   0.649   0       0   0   0   0.576   0       0.567   0.483
40   0   0.486   0       0   0   0   0.338   0.441   0.185   0.424
41   0   0.963   0       0   0   0   0.239   0.261   0.709   0.397
42   0   0.849   0       0   0   0   0.228   0.313   0       0.565
43   0   0       0       0   0   0   0.219   0.431   0.157   0.077
44   0   0       0       0   0   0   0.231   0.167   0.202   2.492
45   0   0       0       0   0   0   0.164   2.495   0.989   0
46   0   0.462   0       0   0   0   0.126   0       1.788   0
47   0   1.6     0.089   0   0   0   0.053   0       0.147   0
48   0   0.61    0       0   0   0   0.027   0       0       0
49   0   0       0       0   0   0   1.944   0       0       0
50   0   0       0       0   0   0   0       0       0       0
51   0   0       0       0   0   0   0       0       0       0
52   0   0       0       0   0   0   0       0.562   0       0

 [M1,Kapusta,*,*] (tr)
:   S1 S10  S2  S3  S4  S5    S6      S7      S8      S9      :=
1    0   0   0   0   0   0   1.904   0.231   0.36    0.407
2    0   0   0   0   0   0   0       0.21    0       0.935
3    0   0   0   0   0   0   0       0.287   0.746   0
4    0   0   0   0   0   0   0       0.247   0       0
5    0   0   0   0   0   0   0       0.294   0       0
6    0   0   0   0   0   0   0       0.257   0       0
7    0   0   0   0   0   0   0       0.271   0       4.156
8    0   0   0   0   0   0   0       0.446   0.633   0
9    0   0   0   0   0   0   0.306   0.452   0.194   0
10   0   0   0   0   0   0   2.693   0.461   1.787   0
11   0   0   0   0   0   0   0       0.471   1.666   0
12   0   0   0   0   0   0   0       0.679   1.053   0
13   0   0   0   0   0   0   0       1.261   0       0
14   0   0   0   0   0   0   0       0       0       0
15   0   0   0   0   0   0   2.47    1.164   0       4.536
16   0   0   0   0   0   0   1.602   1.011   0       0
17   0   0   0   0   0   0   0       1.13    2.977   0
18   0   0   0   0   0   0   0       0.911   0       0.633
19   0   0   0   0   0   0   1.801   1.15    0       0
20   0   0   0   0   0   0   0.112   0.954   0.927   1.125
21   0   0   0   0   0   0   4.704   1.267   1.007   6.179
22   0   0   0   0   0   0   0.323   0.987   1.011   0
23   0   0   0   0   0   0   0       1.054   1.021   0
24   0   0   0   0   0   0   0       1.017   0.982   0
25   0   0   0   0   0   0   0       0.811   1.358   0
26   0   0   0   0   0   0   0.753   0.753   0       0
27   0   0   0   0   0   0   0.626   0.925   1.6     0
28   0   0   0   0   0   0   3.172   0.839   0       0.666
29   0   0   0   0   0   0   0       8.63    0.457   0.626
30   0   0   0   0   0   0   0       0.462   0.743   0.674
31   0   0   0   0   0   0   0       0.442   0.654   0.604
32   0   0   0   0   0   0   7.03    0       0.33    0.17
33   0   0   0   0   0   0   0.369   0       0.426   0.452
34   0   0   0   0   0   0   0       0.556   0.552   0.331
35   0   0   0   0   0   0   0       0       6.999   0.373
36   0   0   0   0   0   0   0       0       0       0.205
37   0   0   0   0   0   0   0       0       0       0.121
38   0   0   0   0   0   0   0       0       0       0.306
39   0   0   0   0   0   0   0       0       0       0.136
40   0   0   0   0   0   0   0       0       0.012   0.359
41   0   0   0   0   0   0   0       0       0       7.688
42   0   0   0   0   0   0   0       0       0       0
43   0   0   0   0   0   0   0       0       0       0
44   0   0   0   0   0   0   0       0       0       0
45   0   0   0   0   0   0   0       0       0       0
46   0   0   0   0   0   0   0       0       0       0
47   0   0   0   0   0   0   0       0       0       0
48   0   0   0   0   0   0   0       0       0       0
49   0   0   0   0   0   0   0.94    0       0.951   0
50   0   0   0   0   0   0   1.027   1.056   1.037   0
51   0   0   0   0   0   0   0.547   0.752   0.612   0.537
52   0   0   0   0   0   0   0.491   0.582   0.551   0.557

 [M1,Marchew,*,*] (tr)
:   S1 S10    S2    S3  S4  S5    S6      S7    S8  S9    :=
1    0   0   4.744   0   0   0   0.913   0       0   0
2    0   0   0       0   0   0   6.948   0       0   0
3    0   0   0       0   0   0   0       0       0   0
4    0   0   0       0   0   0   0       0       0   0
5    0   0   0.733   0   0   0   3.296   0       0   0
6    0   0   0       0   0   0   0       0       0   0
7    0   0   0       0   0   0   0       0       0   0
8    0   0   1.457   0   0   0   2.876   0       0   0
9    0   0   1.866   0   0   0   2.625   0       0   0
10   0   0   1.806   0   0   0   0       0       0   0
11   0   0   1.005   0   0   0   1.254   0       0   0
12   0   0   1.077   0   0   0   0       0       0   0
13   0   0   0       0   0   0   0       0       0   0
14   0   0   0       0   0   0   1.387   0       0   0
15   0   0   0       0   0   0   0.939   0       0   0
16   0   0   0       0   0   0   0.958   0.315   0   0
17   0   0   0       0   0   0   0.883   0.745   0   0
18   0   0   0       0   0   0   0.758   0.538   0   0
19   0   0   0       0   0   0   0.726   0.571   0   0
20   0   0   0       0   0   0   1.586   0.757   0   0
21   0   0   0       0   0   0   0       0.575   0   0
22   0   0   0       0   0   0   0.404   0.326   0   0
23   0   0   1.139   0   0   0   0.298   0.251   0   0
24   0   0   0.875   0   0   0   2.661   0.568   0   0
25   0   0   1.12    0   0   0   0       0.518   0   0
26   0   0   1.266   0   0   0   0       0.476   0   0
27   0   0   1.331   0   0   0   0       0.623   0   0
28   0   0   1.645   0   0   0   0.383   1.521   0   0
29   0   0   1.86    0   0   0   1.003   0       0   0
30   0   0   0       0   0   0   0.947   0.864   0   0
31   0   0   0       0   0   0   1.907   1.2     0   0
32   0   0   0       0   0   0   0       1.284   0   0
33   0   0   0       0   0   0   1.932   0.603   0   0
34   0   0   0       0   0   0   1.456   0.987   0   0
35   0   0   1.258   0   0   0   0.101   1.242   0   0
36   0   0   1.273   0   0   0   1.255   1.396   0   0
37   0   0   1.816   0   0   0   3.362   1.413   0   0
38   0   0   1.03    0   0   0   1.367   1.278   0   0
39   0   0   0.76    0   0   0   1.194   0.905   0   0
40   0   0   0       0   0   0   0.645   0.808   0   0
41   0   0   0       0   0   0   0       0.974   0   0
42   0   0   0       0   0   0   0       0.652   0   0
43   0   0   0       0   0   0   0       0.713   0   0
44   0   0   0       0   0   0   0.553   0.655   0   0
45   0   0   0.348   0   0   0   0.372   0.407   0   0
46   0   0   3.08    0   0   0   0.368   0.419   0   0
47   0   0   0       0   0   0   0.216   0.31    0   0
48   0   0   0       0   0   0   3.549   3.709   0   0
49   0   0   0       0   0   0   0       0       0   0
50   0   0   0       0   0   0   0       0       0   0
51   0   0   0.849   0   0   0   0       0       0   0
52   0   0   0.937   0   0   0   0       0       0   0

 [M1,Ziemniaki,*,*] (tr)
:   S1 S10    S2    S3  S4  S5    S6      S7      S8      S9      :=
1    0   0   0.992   0   0   0   0.385   0.319   0       0
2    0   0   0       0   0   0   0.295   0.224   0       0.464
3    0   0   0       0   0   0   0.245   0.461   0       1.791
4    0   0   0       0   0   0   0.36    1.943   0       0
5    0   0   0.551   0   0   0   0.471   3.056   0       0
6    0   0   0.651   0   0   0   1.171   1.892   0       0
7    0   0   0.508   0   0   0   0       0       0       0
8    0   0   1.059   0   0   0   0.724   0       0       0.97
9    0   0   0.856   0   0   0   0.864   0       0       0.631
10   0   0   0.969   0   0   0   1.092   0       0       4.72
11   0   0   2.098   0   0   0   0.96    0       0       0
12   0   0   0       0   0   0   4.946   0       0       0
13   0   0   0       0   0   0   0       1.598   0       0
14   0   0   0       0   0   0   6.499   0.84    0       5.076
15   0   0   0       0   0   0   0       3.034   0       0
16   0   0   0       0   0   0   0       1.293   0       0
17   0   0   0       0   0   0   2.797   0       0       0
18   0   0   0       0   0   0   2.842   1.435   0       3.301
19   0   0   0       0   0   0   0.796   3.115   0       2.398
20   0   0   0       0   0   0   0       0       0       0
21   0   0   0       0   0   0   0       1.534   0       0
22   0   0   0       0   0   0   0       1.056   0       0
23   0   0   0       0   0   0   0       6.36    0       0
24   0   0   0       0   0   0   0       0       0       1.101
25   0   0   0       0   0   0   1.183   1.896   0       2.255
26   0   0   0       0   0   0   0.958   0       0       0
27   0   0   0       0   0   0   0.925   0       0       5.795
28   0   0   0.855   0   0   0   2.178   0       0       0
29   0   0   0       0   0   0   0       0       0       2.508
30   0   0   0       0   0   0   1.022   0.983   0       0
31   0   0   0.999   0   0   0   2.976   1.001   0       0
32   0   0   0       0   0   0   0       0.824   0       0
33   0   0   0       0   0   0   0       1.721   0       0
34   0   0   0       0   0   0   0.867   0       0       3.097
35   0   0   5.77    0   0   0   0.596   0.674   0       0
36   0   0   2.01    0   0   0   1.614   0.833   0       1.336
37   0   0   0.322   0   0   0   0       0.765   0       0
38   0   0   0       0   0   0   0.562   1.118   0       0
39   0   0   0       0   0   0   0.58    0.054   0       0
40   0   0   0       0   0   0   1.177   2.662   1.943   0
41   0   0   0.086   0   0   0   2.081   1.435   1.571   0.415
42   0   0   0       0   0   0   1.652   1.455   2.67    1.131
43   0   0   0       0   0   0   2.321   1.246   1.263   0.866
44   0   0   0       0   0   0   0.478   0.816   1.565   0
45   0   0   0       0   0   0   0       0       0.814   1.384
46   0   0   0       0   0   0   0       0       0       2.234
47   0   0   0.951   0   0   0   0       0       0       1.808
48   0   0   0       0   0   0   0       0.945   0       0
49   0   0   0       0   0   0   0.796   0.661   0       0
50   0   0   0       0   0   0   0.753   0.547   0       0
51   0   0   0       0   0   0   0.529   0.725   0       0
52   0   0   0.423   0   0   0   0.66    0.314   0.269   0.334

 [M2,Buraki,*,*] (tr)
:   S1 S10  S2  S3  S4  S5  S6  S7  S8  S9    :=
1    0   0   0   0   0   0   0   0   0   0
2    0   0   0   0   0   0   0   0   0   0
3    0   0   0   0   0   0   0   0   0   0
4    0   0   0   0   0   0   0   0   0   0
5    0   0   0   0   0   0   0   0   0   0
6    0   0   0   0   0   0   0   0   0   0
7    0   0   0   0   0   0   0   0   0   0
8    0   0   0   0   0   0   0   0   0   0
9    0   0   0   0   0   0   0   0   0   0
10   0   0   0   0   0   0   0   0   0   0
11   0   0   0   0   0   0   0   0   0   0
12   0   0   0   0   0   0   0   0   0   0
13   0   0   0   0   0   0   0   0   0   0
14   0   0   0   0   0   0   0   0   0   0
15   0   0   0   0   0   0   0   0   0   0
16   0   0   0   0   0   0   0   0   0   0
17   0   0   0   0   0   0   0   0   0   0
18   0   0   0   0   0   0   0   0   0   0
19   0   0   0   0   0   0   0   0   0   0
20   0   0   0   0   0   0   0   0   0   0
21   0   0   0   0   0   0   0   0   0   0
22   0   0   0   0   0   0   0   0   0   0
23   0   0   0   0   0   0   0   0   0   0
24   0   0   0   0   0   0   0   0   0   0
25   0   0   0   0   0   0   0   0   0   0
26   0   0   0   0   0   0   0   0   0   0
27   0   0   0   0   0   0   0   0   0   0
28   0   0   0   0   0   0   0   0   0   0
29   0   0   0   0   0   0   0   0   0   0
30   0   0   0   0   0   0   0   0   0   0
31   0   0   0   0   0   0   0   0   0   0
32   0   0   0   0   0   0   0   0   0   0
33   0   0   0   0   0   0   0   0   0   0
34   0   0   0   0   0   0   0   0   0   0
35   0   0   0   0   0   0   0   0   0   0
36   0   0   0   0   0   0   0   0   0   0
37   0   0   0   0   0   0   0   0   0   0
38   0   0   0   0   0   0   0   0   0   0
39   0   0   0   0   0   0   0   0   0   0
40   0   0   0   0   0   0   0   0   0   0
41   0   0   0   0   0   0   0   0   0   0
42   0   0   0   0   0   0   0   0   0   0
43   0   0   0   0   0   0   0   0   0   0
44   0   0   0   0   0   0   0   0   0   0
45   0   0   0   0   0   0   0   0   0   0
46   0   0   0   0   0   0   0   0   0   0
47   0   0   0   0   0   0   0   0   0   0
48   0   0   0   0   0   0   0   0   0   0
49   0   0   0   0   0   0   0   0   0   0
50   0   0   0   0   0   0   0   0   0   0
51   0   0   0   0   0   0   0   0   0   0
52   0   0   0   0   0   0   0   0   0   0

 [M2,Kapusta,*,*] (tr)
:   S1 S10  S2  S3  S4  S5  S6  S7  S8  S9    :=
1    0   0   0   0   0   0   0   0   0   0
2    0   0   0   0   0   0   0   0   0   0
3    0   0   0   0   0   0   0   0   0   0
4    0   0   0   0   0   0   0   0   0   0
5    0   0   0   0   0   0   0   0   0   0
6    0   0   0   0   0   0   0   0   0   0
7    0   0   0   0   0   0   0   0   0   0
8    0   0   0   0   0   0   0   0   0   0
9    0   0   0   0   0   0   0   0   0   0
10   0   0   0   0   0   0   0   0   0   0
11   0   0   0   0   0   0   0   0   0   0
12   0   0   0   0   0   0   0   0   0   0
13   0   0   0   0   0   0   0   0   0   0
14   0   0   0   0   0   0   0   0   0   0
15   0   0   0   0   0   0   0   0   0   0
16   0   0   0   0   0   0   0   0   0   0
17   0   0   0   0   0   0   0   0   0   0
18   0   0   0   0   0   0   0   0   0   0
19   0   0   0   0   0   0   0   0   0   0
20   0   0   0   0   0   0   0   0   0   0
21   0   0   0   0   0   0   0   0   0   0
22   0   0   0   0   0   0   0   0   0   0
23   0   0   0   0   0   0   0   0   0   0
24   0   0   0   0   0   0   0   0   0   0
25   0   0   0   0   0   0   0   0   0   0
26   0   0   0   0   0   0   0   0   0   0
27   0   0   0   0   0   0   0   0   0   0
28   0   0   0   0   0   0   0   0   0   0
29   0   0   0   0   0   0   0   0   0   0
30   0   0   0   0   0   0   0   0   0   0
31   0   0   0   0   0   0   0   0   0   0
32   0   0   0   0   0   0   0   0   0   0
33   0   0   0   0   0   0   0   0   0   0
34   0   0   0   0   0   0   0   0   0   0
35   0   0   0   0   0   0   0   0   0   0
36   0   0   0   0   0   0   0   0   0   0
37   0   0   0   0   0   0   0   0   0   0
38   0   0   0   0   0   0   0   0   0   0
39   0   0   0   0   0   0   0   0   0   0
40   0   0   0   0   0   0   0   0   0   0
41   0   0   0   0   0   0   0   0   0   0
42   0   0   0   0   0   0   0   0   0   0
43   0   0   0   0   0   0   0   0   0   0
44   0   0   0   0   0   0   0   0   0   0
45   0   0   0   0   0   0   0   0   0   0
46   0   0   0   0   0   0   0   0   0   0
47   0   0   0   0   0   0   0   0   0   0
48   0   0   0   0   0   0   0   0   0   0
49   0   0   0   0   0   0   0   0   0   0
50   0   0   0   0   0   0   0   0   0   0
51   0   0   0   0   0   0   0   0   0   0
52   0   0   0   0   0   0   0   0   0   0

 [M2,Marchew,*,*] (tr)
:   S1    S10   S2  S3  S4     S5    S6    S7      S8      S9      :=
1    0   3.353   0   0   0    3.304   0   1.254   6.122   6.608
2    0   1.94    0   0   0    0       0   0.7     4.736   2.94
3    0   0.426   0   0   0   10.36    0   7.392   0.159   0
4    0   0       0   0   0    0.911   0   0       0       0
5    0   2.593   0   0   0    0       0   0       0       0
6    0   2.59    0   0   0    0       0   0       0       0
7    0   0       0   0   0    0       0   0       0       0
8    0   0       0   0   0    0       0   1.549   0       6.025
9    0   1.524   0   0   0    0       0   3.221   3.042   0
10   0   1.725   0   0   0    0       0   0       0       0
11   0   1.347   0   0   0    1.431   0   3.735   1.314   0
12   0   2.166   0   0   0    1.427   0   0       1.742   2.337
13   0   2.665   0   0   0    1.287   0   0       0.699   0
14   0   1.092   0   0   0    1.377   0   2.102   2.092   1.035
15   0   0       0   0   0    0.908   0   0       0       0.753
16   0   0       0   0   0    1.665   0   0.845   3.33    0.692
17   0   0.737   0   0   0    0       0   0       0       5.984
18   0   0.496   0   0   0    0.602   0   0       0       0
19   0   0.727   0   0   0    6.094   0   0       0       0
20   0   1.479   0   0   0    0       0   0       2.078   0
21   0   0       0   0   0    0       0   0       0       0
22   0   7.146   0   0   0    0       0   0       0       0
23   0   1.091   0   0   0    0       0   0       0       0
24   0   0       0   0   0    0       0   0       0.993   0
25   0   2.326   0   0   0    0       0   0       0       0
26   0   0.602   0   0   0    0       0   0       1.09    0
27   0   0.776   0   0   0    0       0   0       0       0.399
28   0   0.833   0   0   0    0       0   0       5.359   2.68
29   0   0.385   0   0   0    0       0   0       3.033   0
30   0   0       0   0   0    6.236   0   0       0       0
31   0   0       0   0   0    3.055   0   0       0       4.18
32   0   0       0   0   0    1.515   0   0       0       0
33   0   0       0   0   0    0       0   0       0       0
34   0   0       0   0   0    0       0   0       0       0
35   0   0       0   0   0    0       0   0       0       4.996
36   0   0       0   0   0    0       0   0       0.741   0
37   0   1.27    0   0   0    0       0   0       2.7     0
38   0   1.147   0   0   0    0       0   0       0       0
39   0   0.687   0   0   0    0.583   0   0       3.434   0.938
40   0   1.005   0   0   0    1.024   0   0       0       2.002
41   0   0.903   0   0   0    0.99    0   0       0       0
42   0   0.515   0   0   0    0.715   0   0       0       0.714
43   0   0.659   0   0   0    0.729   0   0       0.74    0.576
44   0   0.782   0   0   0    2.591   0   0       0.553   0.579
45   0   0.484   0   0   0    2.278   0   0       0.427   0.426
46   0   1.961   0   0   0    0.347   0   0       0.352   0.396
47   0   0.32    0   0   0    0       0   0       2.353   0.402
48   0   0       0   0   0    0       0   0       1.454   2.48
49   0   0       0   0   0    0       0   0       0       0.305
50   0   0.71    0   0   0    0       0   0       0       0
51   0   0.786   0   0   0    0       0   0       0       0
52   0   0.824   0   0   0    0.758   0   0       0.733   0.717

 [M2,Ziemniaki,*,*] (tr)
:   S1    S10   S2  S3  S4  S5  S6  S7    S8      S9      :=
1    0   0.341   0   0   0   0   0   0   0.914   0.275
2    0   0.398   0   0   0   0   0   0   0       0
3    0   0.302   0   0   0   0   0   0   0.43    0
4    0   0.31    0   0   0   0   0   0   2.057   0
5    0   0.497   0   0   0   0   0   0   0       0
6    0   1.01    0   0   0   0   0   0   3.5     0
7    0   2.178   0   0   0   0   0   0   3.17    0
8    0   2.619   0   0   0   0   0   0   1.328   0
9    0   0       0   0   0   0   0   0   0       0
10   0   0       0   0   0   0   0   0   1.184   0
11   0   0       0   0   0   0   0   0   0       0
12   0   0       0   0   0   0   0   0   0       0
13   0   1.445   0   0   0   0   0   0   0       0
14   0   2.688   0   0   0   0   0   0   0       0
15   0   0       0   0   0   0   0   0   0       0
16   0   1.115   0   0   0   0   0   0   0       0
17   0   2.916   0   0   0   0   0   0   1.551   0
18   0   0       0   0   0   0   0   0   2.997   0
19   0   2.7     0   0   0   0   0   0   0       0
20   0   0       0   0   0   0   0   0   2.756   0
21   0   1.587   0   0   0   0   0   0   0       0
22   0   1.494   0   0   0   0   0   0   7.969   2.656
23   0   1.247   0   0   0   0   0   0   3.075   0
24   0   1.336   0   0   0   0   0   0   0       0
25   0   1.297   0   0   0   0   0   0   0       0
26   0   0.915   0   0   0   0   0   0   0       0
27   0   1.258   0   0   0   0   0   0   0       0
28   0   1.01    0   0   0   0   0   0   0       0
29   0   0.942   0   0   0   0   0   0   0       0
30   0   1.994   0   0   0   0   0   0   1.815   0
31   0   0       0   0   0   0   0   0   1.668   0
32   0   1.003   0   0   0   0   0   0   0       0
33   0   0.812   0   0   0   0   0   0   0       0
34   0   0.741   0   0   0   0   0   0   0       0
35   0   0.871   0   0   0   0   0   0   0       0
36   0   0.794   0   0   0   0   0   0   0.949   0
37   0   0.778   0   0   0   0   0   0   1.296   0
38   0   0.626   0   0   0   0   0   0   0       0
39   0   0.651   0   0   0   0   0   0   0.927   0
40   0   0.507   0   0   0   0   0   0   0       0
41   0   0.674   0   0   0   0   0   0   0       0
42   0   0.966   0   0   0   0   0   0   0       0
43   0   1.771   0   0   0   0   0   0   0       0
44   0   1.728   0   0   0   0   0   0   0       0
45   0   1.966   0   0   0   0   0   0   0       0
46   0   0.047   0   0   0   0   0   0   0       0
47   0   0       0   0   0   0   0   0   0       0
48   0   0       0   0   0   0   0   0   0       0
49   0   0.721   0   0   0   0   0   0   0       0
50   0   0.717   0   0   0   0   0   0   0       0
51   0   0.654   0   0   0   0   0   0   0       0
52   0   0.506   0   0   0   0   0   0   0       0

 [M3,Buraki,*,*] (tr)
:     S1   S10    S2      S3      S4      S5    S6  S7  S8  S9    :=
1    1.287   0   0       3.896   1.199   1.122   0   0   0   0
2    0.84    0   0.397   7.59    0.991   2.528   0   0   0   0
3    6.19    0   5.303   0.886   2.352   0       0   0   0   0
4    0       0   0       0.154   0       0.97    0   0   0   0
5    0       0   0       0       1       1.066   0   0   0   0
6    0       0   0       0       3.376   1.321   0   0   0   0
7    0       0   1.213   0       6.743   2.572   0   0   0   0
8    1.282   0   1.395   0       0.885   2.488   0   0   0   0
9    1.213   0   0.841   0       0       0       0   0   0   0
10   1.044   0   1.165   0       0       0       0   0   0   0
11   0.697   0   0.777   0.754   0       0.648   0   0   0   0
12   0.983   0   0.777   0.756   0       1.567   0   0   0   0
13   0.905   0   0.637   2.832   0       0       0   0   0   0
14   0.58    0   1.395   0       0       0.434   0   0   0   0
15   0.423   0   0       0       0       0.636   0   0   0   0
16   1.245   0   0       0       0       0.466   0   0   0   0
17   0       0   0.136   0       0       0.161   0   0   0   0
18   0.203   0   0.325   0       0       0.703   0   0   0   0
19   0.066   0   0.134   0       0       0       0   0   0   0
20   0.322   0   1.341   0.347   0       0.287   0   0   0   0
21   0.355   0   6.978   0.174   0.207   0.224   0   0   0   0
22   0.559   0   0       3.954   4.471   0.285   0   0   0   0
23   2.207   0   0       1.749   0       0.632   0   0   0   0
24   0       0   0       1.478   0       0.71    0   0   0   0
25   0       0   0       0       0       0.513   0   0   0   0
26   4.159   0   0       0       0       1.102   0   0   0   0
27   0.011   0   0       0       0       1.094   0   0   0   0
28   0       0   0       0       0.743   1.046   0   0   0   0
29   0       0   0       0       4.195   1.182   0   0   0   0
30   0       0   0       0       0       4.124   0   0   0   0
31   1.13    0   0       0.913   0       0       0   0   0   0
32   1       0   0.842   0.831   0       0       0   0   0   0
33   0.944   0   1.08    2.166   0.955   0       0   0   0   0
34   1.049   0   0.851   0       0.915   1.043   0   0   0   0
35   0.974   0   0.892   1.045   1.107   1.095   0   0   0   0
36   0.782   0   0.813   0.863   1.024   0.925   0   0   0   0
37   0.657   0   0.864   0.583   1.9     0.577   0   0   0   0
38   0.637   0   0.552   0.621   0       0.456   0   0   0   0
39   0.706   0   0.613   0.587   0       0.624   0   0   0   0
40   0.491   0   0.456   0.205   0.399   0.346   0   0   0   0
41   0.334   0   0.448   0.834   1.112   0.326   0   0   0   0
42   0.559   0   0.274   0       0       0.539   0   0   0   0
43   0.078   0   0.235   0.227   0.386   0.135   0   0   0   0
44   1.549   0   0.207   0.096   0.125   0.06    0   0   0   0
45   1.455   0   0.541   0.286   1.061   0.202   0   0   0   0
46   0       0   0       0       0       1.919   0   0   0   0
47   0.044   0   0       0.17    1.729   0       0   0   0   0
48   0       0   1.99    0       0       0       0   0   0   0
49   0       0   0       0.51    0       0       0   0   0   0
50   0       0   0       1.578   0       0       0   0   0   0
51   0       0   0       0       0       0       0   0   0   0
52   0       0   0       0       0       0.48    0   0   0   0

 [M3,Kapusta,*,*] (tr)
:     S1      S10     S2      S3      S4      S5    S6  S7  S8  S9    :=
1    0.341   0.066   0.253   0.363   0.121   0.209   0   0   0   0
2    0.134   5.525   0.175   0.044   0.099   0.113   0   0   0   0
3    0.007   0       0.081   0.037   0.899   0       0   0   0   0
4    0.218   0       4.935   0.525   0       0.141   0   0   0   0
5    1.162   0       1.737   0       0       1.943   0   0   0   0
6    2.848   0       1.629   0.577   0       1.356   0   0   0   0
7    0.007   0       0.064   0.014   0       0       0   0   0   0
8    0       0       0.399   5.98    0.727   0       0   0   0   0
9    0       0       0.277   1.671   0.366   0       0   0   0   0
10   0       0       0       0       0.443   0       0   0   0   0
11   0       0       0       0       4.034   0       0   0   0   0
12   0       0       0       0       1.51    0       0   0   0   0
13   0       0       0       0       1.369   0       0   0   0   0
14   0.669   0       0       0       1.245   0.444   0   0   0   0
15   1.823   0       0       0       1.569   1.949   0   0   0   0
16   0.318   2.115   0       0       0.522   0.005   0   0   0   0
17   4.651   0       0       0       0       4.304   0   0   0   0
18   1.278   1.073   0       0.489   0       0       0   0   0   0
19   0       4.085   0.99    8.44    0       0       0   0   0   0
20   0       0       0.912   0       0       0       0   0   0   0
21   0       0       0.942   0       0       6.429   0   0   0   0
22   0       0       1.094   0       0       1.411   0   0   0   0
23   0.96    0.952   0.981   0       0.996   1.119   0   0   0   0
24   0.916   1.048   0.913   0       0.967   0       0   0   0   0
25   0.887   0.743   0.975   0       0.684   0       0   0   0   0
26   0.813   0.957   0.673   0       1.581   0       0   0   0   0
27   2.325   0.665   0.832   0       0       0       0   0   0   0
28   0       0.767   0.49    0.504   0.655   0       0   0   0   0
29   0.831   1.04    1.021   0.463   0.582   0       0   0   0   0
30   0       0.173   2.281   1.194   0.557   0       0   0   0   0
31   0       0.843   0       0       2.051   0       0   0   0   0
32   0.514   0.49    0       0.202   0       0       0   0   0   0
33   0.608   0.223   0       0.461   0       0       0   0   0   0
34   0.402   6.393   0       0.308   0       0       0   0   0   0
35   0.079   1.72    0       0.089   0       0       0   0   0   0
36   0.365   1.762   0.009   0.996   0.181   0.306   0   0   0   0
37   0.03    0.387   0.338   0       0.301   0.616   0   0   0   0
38   1.866   0.248   0.953   0       0.125   2.364   0   0   0   0
39   0.973   0.123   0       0       1.481   0.933   0   0   0   0
40   1.024   0.182   0       0.446   1.109   1.05    0   0   0   0
41   0.908   0       2.096   1.472   0.481   1.044   0   0   0   0
42   1.271   0       1.666   1.825   1.876   1.256   0   0   0   0
43   1.496   0       1.745   1.231   1.155   1.015   0   0   0   0
44   0.006   0       1.791   0.987   1.098   0       0   0   0   0
45   0       0       0       0       0       0       0   0   0   0
46   0       0       0       0       0       0       0   0   0   0
47   0       0       0       0       0       0       0   0   0   0
48   0       0       0       0       0       0       0   0   0   0
49   0       0       0       0.948   0       0       0   0   0   0
50   0       0       0       1.07    1.118   0       0   0   0   0
51   0.759   0       0.811   0.719   0.614   0.685   0   0   0   0
52   0.493   0       0.72    0.519   0.638   0.654   0   0   0   0

 [M3,Marchew,*,*] (tr)
:     S1   S10    S2      S3      S4    S5  S6  S7  S8  S9    :=
1    1.177   0   0       1.001   1.166   0   0   0   0   0
2    5.635   0   0       0.866   5.024   0   0   0   0   0
3    0       0   0       1.365   0       0   0   0   0   0
4    3.002   0   0       1.408   0       0   0   0   0   0
5    1.35    0   0.609   3.639   0       0   0   0   0   0
6    0       0   1.36    2.387   1.246   0   0   0   0   0
7    0       0   1.745   0       1.557   0   0   0   0   0
8    0       0   0       0       1.706   0   0   0   0   0
9    1.409   0   0       1.627   1.668   0   0   0   0   0
10   4.139   0   0       3.29    1.835   0   0   0   0   0
11   0       0   0       2.038   1.27    0   0   0   0   0
12   0       0   0       1.666   1.232   0   0   0   0   0
13   1.363   0   3.926   0       1.405   0   0   0   0   0
14   1.086   0   0.989   0       1.28    0   0   0   0   0
15   0.714   0   1.826   0.886   0.784   0   0   0   0   0
16   0.86    0   0       1.128   0.654   0   0   0   0   0
17   1.136   0   0       1.11    0.989   0   0   0   0   0
18   0.472   0   0       1.03    0.762   0   0   0   0   0
19   4.611   0   1.187   0.06    1.287   0   0   0   0   0
20   0       0   0       0.555   3.49    0   0   0   0   0
21   4.442   0   0       1.139   1.692   0   0   0   0   0
22   0       0   0.46    0       0       0   0   0   0   0
23   0       0   0       0.264   0.984   0   0   0   0   0
24   0       0   0       0.235   1.151   0   0   0   0   0
25   0       0   0       0.603   1.362   0   0   0   0   0
26   0       0   0       0.493   0.157   0   0   0   0   0
27   0       0   0       0.72    0       0   0   0   0   0
28   0       0   0       0.612   0       0   0   0   0   0
29   0       0   0       7.268   0       0   0   0   0   0
30   0       0   0       2.186   0       0   0   0   0   0
31   0       0   0       1.418   0       0   0   0   0   0
32   1.005   0   0       1.021   0       0   0   0   0   0
33   0.966   0   0       0.224   1.155   0   0   0   0   0
34   1.135   0   0       1.971   6.2     0   0   0   0   0
35   1.384   0   0       0       0       0   0   0   0   0
36   1.228   0   0       0       0       0   0   0   0   0
37   1.251   0   0       0       0       0   0   0   0   0
38   1.349   0   0       0       0       0   0   0   0   0
39   0.911   0   0       0       0.777   0   0   0   0   0
40   0.675   0   3.826   0       0.852   0   0   0   0   0
41   0.898   0   0       0       0.927   0   0   0   0   0
42   0.66    0   0       0.725   0.744   0   0   0   0   0
43   0.636   0   0       0.772   0.749   0   0   0   0   0
44   0.585   0   0       1.407   0.607   0   0   0   0   0
45   0.216   0   0       2.184   0.224   0   0   0   0   0
46   2.869   0   0       1.326   3.925   0   0   0   0   0
47   0       0   0       0       0       0   0   0   0   0
48   0       0   0       0       0       0   0   0   0   0
49   0       0   0       0       0       0   0   0   0   0
50   0       0   0       0       0       0   0   0   0   0
51   0.818   0   0       0       0       0   0   0   0   0
52   0.688   0   0       0.873   0.625   0   0   0   0   0

 [M3,Ziemniaki,*,*] (tr)
:     S1   S10    S2      S3      S4      S5    S6  S7  S8  S9    :=
1    0.396   0   0       0.67    0.821   0.297   0   0   0   0
2    1.013   0   0       0       2.186   0.807   0   0   0   0
3    0       0   0       0.642   0       0       0   0   0   0
4    0       0   0       0       0       0.142   0   0   0   0
5    0.488   0   0       0.464   0       0.567   0   0   0   0
6    0.602   0   0       0.636   0       0.453   0   0   0   0
7    0.557   0   0       0.521   0       0.328   0   0   0   0
8    6.114   0   0       0.805   0.832   1.672   0   0   0   0
9    0.415   0   0       0.582   2.006   0.193   0   0   0   0
10   0       0   0       0.93    0.608   9.367   0   0   0   0
11   0       0   0       1.098   0       1.651   0   0   0   0
12   0       0   0       1.518   1.008   0       0   0   0   0
13   6.152   0   1.183   1.418   1.296   0       0   0   0   0
14   2.615   0   1.346   3.55    1.435   4.864   0   0   0   0
15   0.82    0   1.297   2.584   1.387   0.467   0   0   0   0
16   0       0   4.297   0       2.154   0       0   0   0   0
17   0       0   0       2.303   2.691   0       0   0   0   0
18   0       0   0       0       2.808   0       0   0   0   0
19   0       0   1.459   0       2.173   0       0   0   0   0
20   0       0   3.026   2.533   0       0       0   0   0   0
21   1.289   0   0       0       0       0       0   0   0   0
22   1.464   0   1.509   1.288   0       1.284   0   0   0   0
23   1.109   0   1.257   1.287   1.36    1.749   0   0   0   0
24   2.577   0   1.302   1.103   1.262   2.77    0   0   0   0
25   0       0   1.245   1.131   1.204   1.712   0   0   0   0
26   1.101   0   1.041   0.899   0.803   0       0   0   0   0
27   0.944   0   1.137   3.831   1.159   0       0   0   0   0
28   2.196   0   0       0       0.888   0.833   0   0   0   0
29   0       0   0.979   0       2.617   2.318   0   0   0   0
30   7.283   0   1.135   0       2.793   0       0   0   0   0
31   2.46    0   0       1.039   0       0.665   0   0   0   0
32   0.941   0   4.047   1.196   2.764   2.055   0   0   0   0
33   0.762   0   0       0.839   0       3.41    0   0   0   0
34   0.724   0   0       0.848   0       2.027   0   0   0   0
35   0.723   0   0       0.52    0       2.275   0   0   0   0
36   0.615   0   0       2.76    4.238   2.069   0   0   0   0
37   0       0   0       2.337   0.869   1.437   0   0   0   0
38   0       0   0       0       2.475   0       0   0   0   0
39   0       0   0       3.832   0.002   0       0   0   0   0
40   0       0   0       1.479   0       0       0   0   0   0
41   0       0   0       0.054   0       0       0   0   0   0
42   0       0   0       0       0       0       0   0   0   0
43   0       0   0       0       0       0       0   0   0   0
44   0       0   0       0       0       0       0   0   0   0
45   0       0   0       0       0       0       0   0   0   0
46   0       0   0       0       0       0       0   0   0   0
47   0.978   0   0       0       0       0       0   0   0   0
48   1.046   0   0.838   0       0.969   0.966   0   0   0   0
49   0.919   0   0.718   0.609   0.496   0.628   0   0   0   0
50   0.512   0   0.587   0.517   1.553   0.55    0   0   0   0
51   0.715   0   0.732   0.596   0       0.626   0   0   0   0
52   0.524   0   0       0.436   0.473   0.444   0   0   0   0
;

tygodniowy_magazyn_sklepow [Buraki,*,*] (tr)
:     S1      S10     S2      S3      S4      S5      S6      S7      S8     :=
1    0.117   0.11    0.129   2.426   0.109   0.102   0.119   0.077   0.144
2    0.087   0.117   0.107   8.366   0.1     1.43    0.096   3.842   0.098
3    5.007   0.109   4.1     7.902   1.342   0.13    0.094   2.582   0.116
4    3.787   2.619   2.91    7.026   0.122   0.1     1.617   2.272   0.154
5    2.777   1.419   1.54    5.966   0.102   0.106   0.147   1.342   2.356
6    1.507   0.129   0.14    4.856   2.668   0.227   0.094   0.122   1.166
7    0.137   0.101   0.123   3.766   8.091   1.949   5.812   0.09    0.106
8    0.129   0.662   0.138   2.636   7.846   3.317   4.732   1.562   0.835
9    0.122   1.111   0.089   1.386   6.616   1.947   3.612   0.142   0.109
10   0.106   0.101   0.114   0.126   5.576   0.177   2.712   0.123   0.148
11   0.073   5.226   0.081   0.08    4.676   0.075   1.952   0.081   0.088
12   0.096   6.1     0.078   0.076   3.856   0.792   1.212   7.018   0.083
13   0.091   5.35    0.065   1.988   3.066   0.072   0.462   7.469   1.39
14   0.061   4.8     0.92    1.648   2.506   0.046   0.042   7.029   0.87
15   0.044   4.2     0.44    1.368   1.976   0.062   0.037   6.609   0.53
16   0.429   3.74    0.04    0.878   1.516   0.048   0.687   5.979   0.22
17   0.039   3.48    0.016   0.668   1.086   0.019   0.297   5.469   0.02
18   0.022   3.12    0.031   0.418   0.776   0.352   0.027   5.289   2.183
19   0.008   2.96    0.015   0.038   0.506   0.032   0.014   4.979   1.753
20   0.03    2.64    0.966   0.035   0.046   0.029   0.352   4.529   1.503
21   0.035   2.42    7.584   0.019   0.023   0.023   0.032   4.269   1.273
22   0.054   2.08    7.364   3.753   4.074   0.028   2.195   3.969   0.973
23   1.711   1.51    6.744   4.832   3.494   0.06    1.815   3.319   0.173
24   1.201   0.77    6.254   5.79    2.754   0.07    1.055   2.719   0.748
25   0.721   0.07    5.814   5.13    1.984   0.053   6.293   2.039   0.068
26   3.86    0.126   5.084   4.15    1.144   0.105   5.193   1.089   3.031
27   2.971   0.097   4.184   3.12    0.104   0.109   4.093   0.099   1.971
28   1.901   0.107   3.324   2.12    0.077   0.105   3.153   1.232   1.001
29   1.001   0.12    2.184   1.21    3.142   0.117   2.063   0.112   0.091
30   0.091   0.493   1.144   0.11    2.242   3.351   1.023   0.113   0.093
31   0.111   2.23    0.104   0.093   1.232   2.181   0.093   0.1     0.421
32   0.101   1.21    0.086   0.084   0.112   1.111   0.113   0.102   2.691
33   0.095   0.11    0.106   1.21    0.097   0.101   0.112   0.098   1.801
34   0.104   0.088   0.087   0.11    0.092   0.104   0.099   0.119   1.001
35   0.098   0.107   0.089   0.105   0.109   0.109   1.482   0.809   0.091
36   0.08    0.091   0.082   0.088   0.103   0.094   0.973   1.05    0.079
37   0.067   0.076   0.086   0.061   1.183   0.061   0.091   1.212   0.08
38   0.064   0.055   0.058   0.062   0.693   0.047   0.062   0.836   0.06
39   0.07    0.064   0.061   0.059   0.063   0.061   0.058   0.076   0.057
40   0.051   0.05    0.047   0.024   0.042   0.037   0.036   0.047   0.022
41   0.035   0.503   0.045   0.528   0.594   0.033   0.025   0.028   0.451
42   0.054   0.892   0.029   0.048   0.054   0.052   0.023   0.031   0.041
43   0.012   0.532   0.024   0.025   0.04    0.017   0.022   0.042   0.018
44   1.231   0.242   0.021   0.011   0.015   0.007   0.023   0.019   0.02
45   2.486   0.022   0.352   0.027   0.816   0.019   0.017   2.084   0.749
46   2.076   0.044   0.032   0.017   0.606   1.688   0.013   1.864   2.447
47   1.98    1.564   0.011   0.017   2.125   1.548   0.006   1.684   2.314
48   1.86    2.154   1.831   0.007   1.995   1.408   0.003   1.524   2.184
49   1.49    1.594   1.201   0.047   1.615   0.908   1.297   1.104   1.784
50   1.13    1.104   0.841   1.085   1.065   0.528   0.897   0.594   1.264
51   0.66    0.704   0.561   0.605   0.605   0.048   0.517   0.054   0.814
52   0.06    0.064   0.051   0.055   0.055   0.048   0.047   0.056   0.074

:     S9      :=
1    0.11
2    0.081
3    0.108
4    1.419
5    0.129
6    2.849
7    1.529
8    0.139
9    0.118
10   0.085
11   0.092
12   3.871
13   3.081
14   2.611
15   1.831
16   1.241
17   0.971
18   0.561
19   0.051
20   0.242
21   0.022
22   0.453
23   3.303
24   4.742
25   5.157
26   4.007
27   2.957
28   2.087
29   1.067
30   0.097
31   1.265
32   0.115
33   3.146
34   2.036
35   1.056
36   0.096
37   0.092
38   0.056
39   0.049
40   0.043
41   0.04
42   0.055
43   0.012
44   2.324
45   2.324
46   2.094
47   1.994
48   1.894
49   1.434
50   1.004
51   0.594
52   0.054

 [Kapusta,*,*] (tr)
:     S1      S10     S2      S3      S4      S5      S6      S7      S8     :=
1    0.031   0.006   0.023   0.033   0.011   0.019   1.754   0.021   0.22
2    0.015   5.361   0.018   0.007   0.01    0.012   1.484   0.021   0.02
3    0.002   5.201   0.009   0.004   0.639   0.002   1.294   0.028   0.666
4    0.02    5.151   4.824   0.209   0.539   0.013   1.154   0.025   0.516
5    0.812   5.121   6.191   0.019   0.249   1.826   0.884   0.029   0.286
6    3.51    4.691   7.58    0.206   0.209   3.092   0.594   0.026   0.026
7    3.147   4.561   7.574   0.02    0.019   3.062   0.264   0.027   0.016
8    2.627   4.191   7.533   5.62    0.206   2.722   0.024   0.043   0.059
9    2.127   3.681   7.34    6.891   0.052   2.222   0.03    0.045   0.023
10   1.657   3.331   6.99    6.471   0.045   1.732   2.403   0.046   1.28
11   1.187   2.631   6.32    5.861   3.389   1.182   2.063   0.047   2.506
12   0.627   2.031   5.82    5.111   4.219   0.682   1.403   0.066   3.029
13   0.057   1.421   5.09    4.331   4.968   0.062   0.803   0.627   2.479
14   0.066   0.891   4.52    3.871   5.523   0.046   0.073   0.057   1.909
15   0.749   0.081   3.49    2.781   6.102   0.985   1.513   0.111   0.869
16   0.097   1.386   2.47    1.471   5.714   0.09    2.075   0.102   0.079
17   3.588   0.126   1.21    0.501   4.894   3.344   1.045   0.112   2.006
18   3.986   0.109   0.11    0.09    3.854   2.584   0.095   0.093   1.056
19   2.876   3.094   0.1     7.55    2.824   1.464   0.856   0.113   0.096
20   2.016   2.144   0.092   6.5     1.894   0.514   0.088   0.097   0.093
21   1.056   1.144   0.094   5.62    1.144   5.943   3.852   0.124   0.1
22   0.096   0.104   0.108   4.56    0.104   6.344   3.185   0.101   0.101
23   0.096   0.096   0.099   3.51    0.1     6.483   2.175   0.105   0.102
24   0.092   0.104   0.092   2.51    0.097   5.453   1.155   0.102   0.104
25   0.089   0.077   0.097   1.7     0.071   4.623   0.105   0.083   0.682
26   0.082   0.094   0.07    0.99    0.902   3.903   0.078   0.076   0.062
27   1.547   0.069   0.082   0.09    0.082   3.123   0.064   0.091   0.902
28   1.107   0.076   0.052   0.054   0.067   2.633   2.566   0.3     0.082
29   1.208   0.476   0.423   0.047   0.059   2.043   1.866   8.33    0.049
30   0.638   0.059   2.144   0.561   0.056   1.413   1.146   8.332   0.072
31   0.058   0.082   1.514   0.051   1.427   1.033   0.426   8.094   0.066
32   0.052   0.052   1.104   0.023   0.977   0.623   7.096   7.804   0.036
33   0.06    0.025   0.744   0.044   0.547   0.303   6.995   7.484   0.042
34   0.042   5.968   0.264   0.032   0.187   0.143   6.655   7.78    0.054
35   0.011   7.208   0.024   0.011   0.017   0.013   6.505   7.63    6.833
36   0.256   8.72    0.003   0.837   0.018   0.029   6.245   7.36    6.653
37   0.026   8.757   0.031   0.467   0.029   0.445   5.915   7.2     6.393
38   1.702   8.805   0.664   0.297   0.014   2.549   5.785   7.07    6.133
39   2.375   8.838   0.484   0.027   1.165   3.392   5.565   6.89    5.903
40   3.179   8.73    0.044   0.043   1.774   3.962   5.155   6.38    5.485
41   3.857   8.37    1.6     0.995   1.775   4.506   4.635   5.82    4.915
42   4.608   7.84    2.816   2.41    3.211   5.322   4.275   5.18    4.305
43   5.584   7.33    4.071   3.221   3.966   5.877   3.725   4.73    3.825
44   5.04    6.68    5.212   3.408   4.024   5.087   3.255   4.01    3.185
45   4.39    5.99    4.452   2.618   3.414   4.327   2.575   3.41    2.655
46   3.72    5.39    3.722   1.898   2.884   3.537   1.905   2.82    1.915
47   3.14    4.66    3.112   1.188   2.194   2.987   1.155   2.17    1.155
48   2.23    3.55    2.092   0.108   1.254   2.217   0.105   1.21    0.105
49   1.21    2.5     1.122   0.096   0.114   1.177   0.095   0.11    0.096
50   0.11    1.53    0.102   0.106   0.112   0.107   0.102   0.106   0.103
51   0.079   0.66    0.083   0.075   0.066   0.072   0.059   0.078   0.065
52   0.052   0.06    0.073   0.054   0.064   0.066   0.05    0.06    0.056

:     S9      :=
1    0.037
2    0.672
3    0.472
4    0.452
5    0.132
6    0.012
7    3.878
8    3.468
9    2.928
10   2.498
11   1.978
12   1.378
13   0.858
14   0.078
15   3.514
16   2.464
17   1.494
18   1.177
19   0.107
20   0.112
21   5.251
22   4.171
23   3.151
24   2.201
25   1.491
26   0.781
27   0.071
28   0.067
29   0.063
30   0.067
31   0.061
32   0.021
33   0.043
34   0.034
35   0.037
36   0.022
37   0.013
38   0.029
39   0.015
40   0.034
41   7.192
42   6.722
43   6.152
44   5.332
45   4.692
46   3.842
47   3.132
48   2.162
49   1.232
50   0.112
51   0.059
52   0.056

 [Marchew,*,*] (tr)
:     S1      S10     S2      S3      S4       S5      S6      S7      S8    :=
1    0.107   2.563   3.884   0.091   0.106    2.244   0.083   0.114   5.182
2    4.462   3.523   2.964   0.087   4.06     1.314   5.981   0.074   8.808
3    3.092   2.549   1.694   0.132   2.85    10.194   4.611   5.976   7.697
4    4.584   1.239   0.154   0.14    1.54     9.695   3.371   4.606   6.187
5    4.784   2.452   0.136   2.469   0.14     8.375   5.057   3.176   4.837
6    3.344   3.662   0.136   3.376   0.126    6.995   3.737   1.716   3.377
7    1.804   2.112   0.171   1.826   0.153    5.315   2.047   0.156   1.727
8    0.164   0.192   0.148   0.166   0.169    3.645   3.353   0.155   0.157
9    0.143   0.156   0.404   0.163   0.167    1.925   4.428   1.826   1.639
10   2.592   0.171   0.72    1.813   0.182    0.175   2.958   0.166   0.149
11   1.342   0.138   0.375   2.451   0.132    0.146   2.782   2.781   0.133
12   0.122   0.814   0.132   2.877   0.124    0.143   1.562   1.441   0.665
13   0.135   2.129   2.648   1.507   0.139    0.13    0.142   0.131   0.124
14   0.111   1.941   2.347   0.137   0.129    0.137   0.139   0.913   1.056
15   0.075   1.121   3.223   0.093   0.083    0.095   0.098   0.083   0.096
16   0.085   0.341   2.313   0.111   0.067    0.88    0.096   0.113   2.356
17   0.111   0.098   1.443   0.111   0.096    0.08    0.089   0.078   1.436
18   0.053   0.054   0.803   0.611   0.078    0.062   0.077   0.056   0.726
19   3.864   0.071   1.38    0.061   0.715    5.486   0.073   0.057   0.066
20   3.234   0.77    0.72    0.056   3.565    4.796   0.759   0.074   1.504
21   6.996   0.07    0.09    0.605   4.617    4.226   0.069   0.059   1.064
22   6.556   6.706   0.05    0.055   3.997    3.856   0.043   0.035   0.594
23   6.226   7.307   0.949   0.029   4.571    3.406   0.031   0.026   0.054
24   5.686   6.967   1.444   0.024   5.322    3.036   2.262   0.054   0.737
25   5.076   8.763   1.884   0.057   6.124    2.256   1.662   0.052   0.067
26   4.366   8.725   2.66    0.05    5.731    1.736   1.062   0.048   0.627
27   3.806   8.751   3.541   0.07    5.131    1.146   0.442   0.061   0.057
28   3.156   8.754   4.456   0.062   4.311    0.726   0.075   0.902   4.806
29   2.186   8.349   5.216   6.33    3.401    0.066   0.098   0.082   6.959
30   1.166   7.329   4.246   7.746   2.461    5.172   0.095   0.086   6.069
31   0.106   6.499   3.366   8.254   1.331    7.047   1.122   0.336   5.169
32   0.101   5.239   2.266   8.275   0.121    7.492   0.102   0.64    3.979
33   0.097   4.109   1.166   7.159   0.116    6.352   0.994   0.113   3.039
34   0.112   2.909   0.106   8.03    5.116    5.282   1.34    0.1     1.959
35   0.136   1.639   0.124   6.82    3.826    3.902   0.131   0.122   0.689
36   0.124   0.149   0.127   5.43    2.566    2.692   0.126   0.138   0.13
37   0.125   0.129   0.653   4.16    1.496    1.452   2.098   0.141   1.54
38   0.134   0.116   0.153   3.09    0.136    0.132   2.275   0.129   0.14
39   0.095   0.073   0.083   2.05    0.083    0.065   2.499   0.094   2.624
40   0.07    0.208   2.829   1.1     0.085    0.099   2.254   0.082   1.704
41   0.088   0.101   1.839   0.1     0.092    0.099   1.384   0.096   0.814
42   0.068   0.056   1.179   0.075   0.076    0.074   0.814   0.068   0.074
43   0.064   0.065   0.649   0.077   0.075    0.073   0.074   0.071   0.074
44   0.059   0.077   0.059   0.804   0.062    1.934   0.057   0.066   0.057
45   0.025   0.051   0.037   2.668   0.026    3.722   0.039   0.043   0.044
46   2.524   1.602   2.677   3.654   3.611    3.609   0.037   0.042   0.036
47   2.304   1.672   2.257   3.024   3.281    3.099   0.023   0.032   2.009
48   1.674   0.902   1.717   2.374   2.751    2.369   2.952   3.181   2.603
49   0.924   0.082   1.067   1.714   1.991    1.839   2.412   2.671   1.963
50   0.084   0.072   0.097   0.924   1.111    0.979   1.542   1.831   1.133
51   0.082   0.078   0.086   0.084   0.101    0.089   0.792   1.111   0.103
52   0.07    0.082   0.093   0.087   0.066    0.077   0.072   0.101   0.076

:     S9      :=
1    5.618
2    7.538
3    6.088
4    4.598
5    3.188
6    1.848
7    0.168
8    4.633
9    2.913
10   1.243
11   0.113
12   1.32
13   0.12
14   0.105
15   0.078
16   0.07
17   5.294
18   4.854
19   4.214
20   3.524
21   2.824
22   2.314
23   1.904
24   1.444
25   0.814
26   0.074
27   0.043
28   2.163
29   1.133
30   0.103
31   3.403
32   2.263
33   1.133
34   0.103
35   3.869
36   2.659
37   1.419
38   0.129
39   0.097
40   0.979
41   0.089
42   0.073
43   0.059
44   0.058
45   0.044
46   0.04
47   0.062
48   2.092
49   1.777
50   1.067
51   0.097
52   0.074

 [Ziemniaki,*,*] (tr)
:     S1      S10     S2      S3      S4       S5      S6      S7      S8    :=
1    0.036   0.031   0.802   0.44    0.571    0.027   0.035   0.029   0.594
2    0.629   0.039   0.512   0.04    2.407    0.374   0.03    0.023   0.054
3    0.319   0.031   0.352   0.462   1.927    0.034   0.025   0.044   0.044
4    0.029   0.031   0.032   0.042   1.637    0.016   0.035   1.727   1.781
5    0.047   0.048   0.053   0.046   0.947    0.053   0.046   4.083   1.501
6    0.059   0.558   0.064   0.062   0.407    0.046   0.627   5.585   4.411
7    0.056   2.266   0.052   0.053   0.037    0.034   0.057   5.105   7.131
8    5.5     3.995   0.101   0.078   0.079    0.676   0.071   4.155   7.929
9    5.115   3.255   0.087   0.06    1.465    0.079   0.085   3.275   7.209
10   4.065   2.045   0.096   0.09    1.133    8.276   0.107   2.305   7.403
11   3.055   1.045   1.144   0.108   0.103    8.957   0.097   1.155   6.253
12   2.085   0.095   0.104   0.436   0.101    7.967   4.003   0.105   5.203
13   6.857   0.14    0.117   0.674   0.127    6.577   2.683   0.403   4.033
14   8.182   1.408   0.133   2.844   0.142   10.131   7.822   0.113   2.713
15   7.552   0.128   0.13    4.258   0.139    9.218   6.532   1.827   1.573
16   6.232   0.113   3.097   2.918   1.003    7.858   5.322   1.76    0.143
17   4.682   1.639   1.617   3.671   2.224    6.398   6.749   0.16    0.154
18   3.152   0.149   0.147   2.231   3.592    4.858   7.981   0.145   1.661
19   1.672   1.419   0.146   0.851   4.255    3.378   7.237   1.76    0.151
20   0.152   0.129   1.672   1.804   2.795    1.848   5.717   0.16    1.617
21   0.131   0.156   0.152   0.164   1.375    0.168   4.227   0.154   0.147
22   0.145   0.15    0.151   0.132   0.125    0.132   2.757   0.11    6.966
23   0.114   0.127   0.128   0.129   0.135    0.411   1.507   5.18    8.651
24   1.441   0.133   0.13    0.112   0.127    1.801   0.137   3.96    7.391
25   0.131   0.13    0.125   0.113   0.121    2.263   0.12    4.386   6.031
26   0.112   0.095   0.106   0.092   0.084    1.243   0.098   3.376   5.051
27   0.096   0.123   0.113   2.793   0.113    0.113   0.093   2.356   4.051
28   1.232   0.103   0.088   1.793   0.091    0.086   1.221   1.166   3.091
29   0.112   0.095   0.097   0.913   1.698    1.374   0.111   0.106   1.881
30   6.525   1.159   0.112   0.083   3.541    0.424   0.103   0.099   2.746
31   8.145   0.229   0.101   0.102   2.451    0.099   2.029   0.1     3.324
32   8.166   0.112   3.118   0.118   4.325    1.134   0.869   0.084   2.274
33   8.168   0.084   2.338   0.087   3.625    3.604   0.079   0.935   1.464
34   8.162   0.075   1.438   0.085   2.905    4.831   0.086   0.085   0.814
35   8.175   0.086   6.488   0.055   2.185    6.336   0.062   0.069   0.074
36   7.96    0.08    7.708   2.145   5.613    7.545   0.836   0.082   0.093
37   7.16    0.078   7.15    3.812   5.592    8.402   0.076   0.077   0.649
38   6.52    0.064   6.35    3.242   7.457    7.632   0.058   0.595   0.059
39   5.88    0.065   5.65    6.364   6.989    6.842   0.058   0.059   0.396
40   5.12    0.052   5       7.333   6.399    6.262   0.735   2.121   1.769
41   4.44    0.066   4.436   6.877   5.839    5.722   2.136   2.686   2.8
42   3.69    0.252   3.896   5.967   4.959    4.912   3.068   3.351   4.56
43   2.76    1.113   3.176   5.177   4.219    4.122   4.359   3.787   5.063
44   2.09    2.041   2.376   4.277   3.349    3.332   3.867   3.573   5.718
45   1.1     2.977   1.276   3.187   2.279    2.292   2.937   2.523   5.532
46   0.1     2.004   0.116   2.357   1.199    1.232   2.017   1.463   4.582
47   0.098   1.144   0.097   1.287   0.109    0.112   1.287   0.133   3.502
48   0.104   0.104   0.085   0.117   0.098    0.098   0.117   0.098   2.442
49   0.093   0.075   0.073   0.066   0.054    0.066   0.083   0.069   1.572
50   0.055   0.072   0.06    0.053   0.847    0.056   0.076   0.056   0.792
51   0.07    0.066   0.072   0.059   0.077    0.062   0.055   0.071   0.072
52   0.054   0.052   0.045   0.045   0.05     0.046   0.065   0.035   0.031

:     S9      :=
1    0.025
2    0.209
3    1.66
4    1.38
5    0.99
6    0.44
7    0.04
8    0.26
9    0.081
10   3.891
11   2.921
12   1.931
13   0.771
14   4.467
15   3.077
16   1.727
17   0.157
18   1.908
19   2.896
20   1.496
21   0.136
22   1.562
23   0.142
24   0.113
25   1.038
26   0.218
27   5.093
28   4.183
29   5.741
30   4.701
31   3.771
32   2.881
33   2.071
34   4.318
35   3.538
36   4.004
37   3.234
38   2.514
39   2.044
40   1.374
41   1.179
42   1.65
43   1.836
44   0.786
45   1.44
46   2.524
47   3.312
48   2.352
49   1.482
50   0.682
51   0.062
52   0.036
;

